Number of Models: 30
diffs_2
     pw  x1  x2
0     1   1   4
1     1   2   5
2     1   3   3
3     1   4   1
4     1   5   2
5     1   6   7
6     1   7   8
7     1   8   9
8     1   9  10
9     1  10   6
10    2   1   5
11    2   2   7
12    2   3   3
13    2   4   1
14    2   5   2
15    2   6   8
16    2   7  10
17    2   8   9
18    2   9   6
19    2  10   4
20    3   1   3
21    3   2   5
22    3   3   6
23    3   4   2
24    3   5   1
25    3   6   4
26    3   7   8
27    3   8   9
28    3   9  10
29    3  10   7
..   ..  ..  ..
270  28   1   2
271  28   2   5
272  28   3   6
273  28   4   7
274  28   5   8
275  28   6   9
276  28   7  10
277  28   8   4
278  28   9   3
279  28  10   1
280  29   1   4
281  29   2   7
282  29   3   5
283  29   4   6
284  29   5   9
285  29   6  10
286  29   7   8
287  29   8   2
288  29   9   3
289  29  10   1
290  30   1   3
291  30   2   6
292  30   3   1
293  30   4   4
294  30   5   7
295  30   6  10
296  30   7   9
297  30   8   8
298  30   9   5
299  30  10   2

[300 rows x 3 columns]

x_2
     pw  x1  x2
0     1   2   8
1     1   1   4
2     1   3   3
3     1   4   6
4     1   5   7
5     1   6   9
6     1   7   2
7     1   8  10
8     1   9   1
9     1  10  11
10    1  11   5
11    2   2  10
12    2   1   5
13    2   3   3
14    2   4   6
15    2   5   7
16    2   6   9
17    2   7   1
18    2   8  11
19    2   9   2
20    2  10   8
21    2  11   4
22    3   2   8
23    3   1   5
24    3   3   3
25    3   4   9
26    3   5   7
27    3   6   6
28    3   7   2
29    3   8  10
..   ..  ..  ..
300  28   4   3
301  28   5  10
302  28   6   2
303  28   7  11
304  28   8   1
305  28   9   5
306  28  10   8
307  28  11   7
308  29   2   2
309  29   1   6
310  29   3   9
311  29   4   4
312  29   5  10
313  29   6   1
314  29   7  11
315  29   8   3
316  29   9   5
317  29  10   8
318  29  11   7
319  30   2   3
320  30   1   6
321  30   3   9
322  30   4   8
323  30   5   4
324  30   6  11
325  30   7   1
326  30   8  10
327  30   9   2
328  30  10   7
329  30  11   5

[330 rows x 3 columns]

Successfully exported to sql
Sqlite Schema:
CREATE TABLE "diffs_2" (
"index" INTEGER,
  "pw" INTEGER,
  "x1" TEXT,
  "x2" TEXT
)
CREATE TABLE "x_2" (
"index" INTEGER,
  "pw" INTEGER,
  "x1" TEXT,
  "x2" TEXT
)
[[ 0.          0.61904762  0.47619048  0.71428571  0.80952381  0.9047619
   0.95238095  0.66666667  0.76190476  0.85714286  0.66666667  0.66666667
   0.66666667  0.9047619   1.          0.95238095  0.9047619   0.66666667
   0.80952381  0.85714286  0.85714286  1.          0.95238095  0.85714286
   0.95238095  0.95238095  1.          0.95238095  0.9047619   0.9047619 ]
 [ 0.61904762  0.          0.76190476  0.9047619   0.76190476  0.85714286
   0.85714286  0.80952381  0.71428571  0.61904762  0.9047619   0.85714286
   0.9047619   1.          0.95238095  0.76190476  0.76190476  0.57142857
   0.95238095  0.71428571  0.66666667  0.95238095  0.9047619   0.80952381
   0.85714286  0.95238095  0.85714286  0.9047619   0.9047619   0.9047619 ]
 [ 0.47619048  0.76190476  0.          0.57142857  0.71428571  0.95238095
   0.9047619   0.71428571  0.80952381  0.80952381  0.61904762  0.52380952
   0.52380952  1.          0.9047619   0.76190476  0.80952381  0.85714286
   0.80952381  0.85714286  0.85714286  0.95238095  0.85714286  0.76190476
   0.85714286  0.95238095  0.95238095  0.9047619   0.95238095  0.9047619 ]
 [ 0.71428571  0.9047619   0.57142857  0.          0.85714286  0.9047619
   0.9047619   0.52380952  0.80952381  0.80952381  0.76190476  0.71428571
   0.71428571  0.95238095  0.71428571  0.61904762  0.80952381  0.80952381
   0.76190476  0.9047619   0.9047619   0.95238095  0.9047619   0.9047619
   0.9047619   0.76190476  0.80952381  0.95238095  0.95238095  0.85714286]
 [ 0.80952381  0.76190476  0.71428571  0.85714286  0.          0.76190476
   0.66666667  0.85714286  0.71428571  0.76190476  0.80952381  0.71428571
   0.80952381  0.9047619   0.95238095  0.9047619   0.80952381  0.80952381
   0.80952381  0.85714286  0.76190476  0.76190476  0.85714286  0.76190476
   0.76190476  0.85714286  0.85714286  0.71428571  0.9047619   0.80952381]
 [ 0.9047619   0.85714286  0.95238095  0.9047619   0.76190476  0.
   0.28571429  0.95238095  0.71428571  0.80952381  0.80952381  0.9047619
   0.95238095  0.85714286  0.95238095  0.95238095  0.80952381  0.9047619
   0.85714286  0.9047619   0.85714286  0.76190476  0.9047619   0.9047619
   0.85714286  0.71428571  0.85714286  0.52380952  0.85714286  0.76190476]
 [ 0.95238095  0.85714286  0.9047619   0.9047619   0.66666667  0.28571429
   0.          0.95238095  0.80952381  0.80952381  0.85714286  0.80952381
   0.9047619   0.95238095  0.95238095  0.95238095  0.9047619   0.9047619
   0.95238095  0.85714286  0.76190476  0.71428571  0.76190476  0.85714286
   0.85714286  0.85714286  0.85714286  0.61904762  0.9047619   0.80952381]
 [ 0.66666667  0.80952381  0.71428571  0.52380952  0.85714286  0.95238095
   0.95238095  0.          0.85714286  0.71428571  0.9047619   0.71428571
   0.71428571  0.95238095  0.85714286  0.71428571  0.80952381  0.76190476
   0.9047619   0.9047619   0.9047619   0.85714286  0.76190476  0.9047619
   0.76190476  0.9047619   0.95238095  0.95238095  0.76190476  0.9047619 ]
 [ 0.76190476  0.71428571  0.80952381  0.80952381  0.71428571  0.71428571
   0.80952381  0.85714286  0.          0.38095238  0.66666667  0.71428571
   0.76190476  0.61904762  0.9047619   0.57142857  0.52380952  0.61904762
   0.52380952  0.42857143  0.38095238  0.85714286  0.95238095  0.85714286
   0.95238095  0.9047619   0.85714286  0.76190476  0.95238095  0.76190476]
 [ 0.85714286  0.61904762  0.80952381  0.80952381  0.76190476  0.80952381
   0.80952381  0.71428571  0.38095238  0.          0.76190476  0.80952381
   0.85714286  0.85714286  0.9047619   0.47619048  0.47619048  0.61904762
   0.76190476  0.52380952  0.47619048  0.61904762  0.80952381  0.85714286
   0.76190476  0.85714286  0.9047619   0.85714286  0.85714286  0.76190476]
 [ 0.66666667  0.9047619   0.61904762  0.76190476  0.80952381  0.80952381
   0.85714286  0.9047619   0.66666667  0.76190476  0.          0.9047619
   0.85714286  0.80952381  0.95238095  0.80952381  0.85714286  0.85714286
   0.42857143  0.85714286  0.9047619   0.95238095  0.95238095  0.95238095
   0.95238095  0.95238095  0.95238095  1.          0.9047619   0.9047619 ]
 [ 0.66666667  0.85714286  0.52380952  0.71428571  0.71428571  0.9047619
   0.80952381  0.71428571  0.71428571  0.80952381  0.9047619   0.
   0.19047619  0.80952381  0.9047619   0.80952381  0.80952381  0.80952381
   0.76190476  0.57142857  0.38095238  0.85714286  0.85714286  0.47619048
   0.85714286  0.95238095  0.76190476  0.95238095  0.9047619   0.85714286]
 [ 0.66666667  0.9047619   0.52380952  0.71428571  0.80952381  0.95238095
   0.9047619   0.71428571  0.76190476  0.85714286  0.85714286  0.19047619
   0.          0.80952381  0.9047619   0.76190476  0.71428571  0.80952381
   0.76190476  0.38095238  0.57142857  0.95238095  0.9047619   0.61904762
   0.9047619   0.95238095  0.71428571  0.95238095  0.9047619   0.9047619 ]
 [ 0.9047619   1.          1.          0.95238095  0.9047619   0.85714286
   0.95238095  0.95238095  0.61904762  0.85714286  0.80952381  0.80952381
   0.80952381  0.          0.57142857  0.85714286  0.80952381  0.85714286
   0.61904762  0.80952381  0.80952381  0.9047619   0.85714286  0.80952381
   0.85714286  0.85714286  0.76190476  0.80952381  0.9047619   0.9047619 ]
 [ 1.          0.95238095  0.9047619   0.71428571  0.95238095  0.95238095
   0.95238095  0.85714286  0.9047619   0.9047619   0.95238095  0.9047619
   0.9047619   0.57142857  0.          0.61904762  0.80952381  0.76190476
   0.9047619   0.9047619   0.9047619   0.95238095  0.85714286  0.95238095
   0.85714286  0.85714286  0.85714286  0.9047619   0.85714286  0.9047619 ]
 [ 0.95238095  0.76190476  0.76190476  0.61904762  0.9047619   0.95238095
   0.95238095  0.71428571  0.57142857  0.47619048  0.80952381  0.80952381
   0.76190476  0.85714286  0.61904762  0.          0.38095238  0.38095238
   0.76190476  0.57142857  0.61904762  0.85714286  0.80952381  0.95238095
   0.80952381  0.9047619   0.95238095  0.9047619   0.85714286  0.80952381]
 [ 0.9047619   0.76190476  0.80952381  0.80952381  0.80952381  0.80952381
   0.9047619   0.80952381  0.52380952  0.47619048  0.85714286  0.80952381
   0.71428571  0.80952381  0.80952381  0.38095238  0.          0.33333333
   0.66666667  0.52380952  0.61904762  0.85714286  0.95238095  0.95238095
   0.95238095  0.71428571  0.95238095  0.71428571  0.9047619   0.80952381]
 [ 0.66666667  0.57142857  0.85714286  0.80952381  0.80952381  0.9047619
   0.9047619   0.76190476  0.61904762  0.61904762  0.85714286  0.80952381
   0.80952381  0.85714286  0.76190476  0.38095238  0.33333333  0.
   0.80952381  0.61904762  0.61904762  0.95238095  0.95238095  0.95238095
   0.95238095  0.80952381  0.95238095  0.80952381  0.9047619   0.85714286]
 [ 0.80952381  0.95238095  0.80952381  0.76190476  0.80952381  0.85714286
   0.95238095  0.9047619   0.52380952  0.76190476  0.42857143  0.76190476
   0.76190476  0.61904762  0.9047619   0.76190476  0.66666667  0.80952381
   0.          0.76190476  0.76190476  0.85714286  0.85714286  0.76190476
   0.85714286  0.80952381  0.76190476  0.9047619   0.85714286  0.9047619 ]
 [ 0.85714286  0.71428571  0.85714286  0.9047619   0.85714286  0.9047619
   0.85714286  0.9047619   0.42857143  0.52380952  0.85714286  0.57142857
   0.38095238  0.80952381  0.9047619   0.57142857  0.52380952  0.61904762
   0.76190476  0.          0.19047619  0.95238095  0.95238095  0.76190476
   0.95238095  0.95238095  0.71428571  0.9047619   0.95238095  0.85714286]
 [ 0.85714286  0.66666667  0.85714286  0.9047619   0.76190476  0.85714286
   0.76190476  0.9047619   0.38095238  0.47619048  0.9047619   0.38095238
   0.57142857  0.80952381  0.9047619   0.61904762  0.61904762  0.61904762
   0.76190476  0.19047619  0.          0.85714286  0.9047619   0.61904762
   0.9047619   0.95238095  0.76190476  0.9047619   0.95238095  0.80952381]
 [ 1.          0.95238095  0.95238095  0.95238095  0.76190476  0.76190476
   0.71428571  0.85714286  0.85714286  0.61904762  0.95238095  0.85714286
   0.95238095  0.9047619   0.95238095  0.85714286  0.85714286  0.95238095
   0.85714286  0.95238095  0.85714286  0.          0.66666667  0.9047619
   0.61904762  0.71428571  0.80952381  0.76190476  0.61904762  0.57142857]
 [ 0.95238095  0.9047619   0.85714286  0.9047619   0.85714286  0.9047619
   0.76190476  0.76190476  0.95238095  0.80952381  0.95238095  0.85714286
   0.9047619   0.85714286  0.85714286  0.80952381  0.95238095  0.95238095
   0.85714286  0.95238095  0.9047619   0.66666667  0.          0.80952381
   0.0952381   0.66666667  0.71428571  0.80952381  0.38095238  0.80952381]
 [ 0.85714286  0.80952381  0.76190476  0.9047619   0.76190476  0.9047619
   0.85714286  0.9047619   0.85714286  0.85714286  0.95238095  0.47619048
   0.61904762  0.80952381  0.95238095  0.95238095  0.95238095  0.95238095
   0.76190476  0.76190476  0.61904762  0.9047619   0.80952381  0.
   0.76190476  0.9047619   0.57142857  0.85714286  0.80952381  0.80952381]
 [ 0.95238095  0.85714286  0.85714286  0.9047619   0.76190476  0.85714286
   0.85714286  0.76190476  0.95238095  0.76190476  0.95238095  0.85714286
   0.9047619   0.85714286  0.85714286  0.80952381  0.95238095  0.95238095
   0.85714286  0.95238095  0.9047619   0.61904762  0.0952381   0.76190476
   0.          0.66666667  0.66666667  0.76190476  0.33333333  0.80952381]
 [ 0.95238095  0.95238095  0.95238095  0.76190476  0.85714286  0.71428571
   0.85714286  0.9047619   0.9047619   0.85714286  0.95238095  0.95238095
   0.95238095  0.85714286  0.85714286  0.9047619   0.71428571  0.80952381
   0.80952381  0.95238095  0.95238095  0.71428571  0.66666667  0.9047619
   0.66666667  0.          0.42857143  0.66666667  0.66666667  0.80952381]
 [ 1.          0.85714286  0.95238095  0.80952381  0.85714286  0.85714286
   0.85714286  0.95238095  0.85714286  0.9047619   0.95238095  0.76190476
   0.71428571  0.76190476  0.85714286  0.95238095  0.95238095  0.95238095
   0.76190476  0.71428571  0.76190476  0.80952381  0.71428571  0.57142857
   0.66666667  0.42857143  0.          0.80952381  0.61904762  0.85714286]
 [ 0.95238095  0.9047619   0.9047619   0.95238095  0.71428571  0.52380952
   0.61904762  0.95238095  0.76190476  0.85714286  1.          0.95238095
   0.95238095  0.80952381  0.9047619   0.9047619   0.71428571  0.80952381
   0.9047619   0.9047619   0.9047619   0.76190476  0.80952381  0.85714286
   0.76190476  0.66666667  0.80952381  0.          0.57142857  0.9047619 ]
 [ 0.9047619   0.9047619   0.95238095  0.95238095  0.9047619   0.85714286
   0.9047619   0.76190476  0.95238095  0.85714286  0.9047619   0.9047619
   0.9047619   0.9047619   0.85714286  0.85714286  0.9047619   0.9047619
   0.85714286  0.95238095  0.95238095  0.61904762  0.38095238  0.80952381
   0.33333333  0.66666667  0.61904762  0.57142857  0.          0.85714286]
 [ 0.9047619   0.9047619   0.9047619   0.85714286  0.80952381  0.76190476
   0.80952381  0.9047619   0.76190476  0.76190476  0.9047619   0.85714286
   0.9047619   0.9047619   0.9047619   0.80952381  0.80952381  0.85714286
   0.9047619   0.85714286  0.80952381  0.57142857  0.80952381  0.80952381
   0.80952381  0.80952381  0.85714286  0.9047619   0.85714286  0.        ]]
Cluster Labels: [-1 -1 -1 -1 -1 -1 -1 -1  0  0 -1  0 -1 -1 -1  0  0 -1 -1  0  0 -1 -1 -1 -1
 -1 -1 -1 -1 -1]
