Number of Models: 30
color_2
     pw           x1     x2
0     1      belgium    red
1     1  netherlands   blue
2     1       france  white
3     1   luxembourg    red
4     1      germany  green
5     1      denmark    red
6     2      belgium    red
7     2  netherlands   blue
8     2       france  white
9     2   luxembourg    red
10    2      germany  green
11    2      denmark   blue
12    3      belgium    red
13    3  netherlands   blue
14    3       france  white
15    3   luxembourg    red
16    3      germany  green
17    3      denmark  green
18    4      belgium    red
19    4  netherlands   blue
20    4       france  white
21    4   luxembourg    red
22    4      germany  green
23    4      denmark  white
24    5      belgium    red
25    5  netherlands   blue
26    5       france   blue
27    5   luxembourg    red
28    5      germany  green
29    5      denmark   blue
..   ..          ...    ...
150  26      belgium    red
151  26  netherlands   blue
152  26       france  white
153  26   luxembourg    red
154  26      germany   blue
155  26      denmark    red
156  27      belgium    red
157  27  netherlands   blue
158  27       france  white
159  27   luxembourg    red
160  27      germany   blue
161  27      denmark  white
162  28      belgium    red
163  28  netherlands   blue
164  28       france  white
165  28   luxembourg    red
166  28      germany   blue
167  28      denmark   blue
168  29      belgium    red
169  29  netherlands   blue
170  29       france  white
171  29   luxembourg  green
172  29      germany   blue
173  29      denmark    red
174  30      belgium    red
175  30  netherlands   blue
176  30       france  white
177  30   luxembourg  green
178  30      germany   blue
179  30      denmark  white

[180 rows x 3 columns]

Successfully exported to sql
Sqlite Schema:
CREATE TABLE "color_2" (
"index" INTEGER,
  "pw" INTEGER,
  "x1" TEXT,
  "x2" TEXT
)
[[ 0.    0.25  0.25  0.25  0.5   0.5   0.5   0.25  0.5   0.5   0.25  0.5
   0.75  0.5   0.75  0.75  0.25  0.5   0.5   0.5   0.75  0.75  0.75  0.5
   0.5   0.25  0.5   0.5   0.5   0.75]
 [ 0.25  0.    0.25  0.25  0.25  0.5   0.5   0.5   0.5   0.5   0.5   0.25
   0.5   0.75  0.75  0.75  0.5   0.5   0.5   0.25  0.75  0.75  0.5   0.75
   0.5   0.5   0.5   0.25  0.75  0.75]
 [ 0.25  0.25  0.    0.25  0.5   0.25  0.5   0.5   0.5   0.25  0.5   0.5
   0.75  0.75  0.5   0.75  0.5   0.25  0.5   0.5   0.5   0.75  0.75  0.75
   0.25  0.5   0.5   0.5   0.75  0.75]
 [ 0.25  0.25  0.25  0.    0.5   0.5   0.25  0.5   0.25  0.5   0.5   0.5
   0.75  0.75  0.75  0.5   0.5   0.5   0.25  0.5   0.75  0.5   0.75  0.75
   0.5   0.5   0.25  0.5   0.75  0.5 ]
 [ 0.5   0.25  0.5   0.5   0.    0.25  0.25  0.25  0.5   0.5   0.5   0.25
   0.5   0.75  0.75  0.75  0.75  0.75  0.75  0.5   0.5   0.5   0.25  0.5
   0.75  0.75  0.75  0.5   1.    1.  ]
 [ 0.5   0.5   0.25  0.5   0.25  0.    0.25  0.25  0.5   0.25  0.5   0.5
   0.75  0.75  0.5   0.75  0.75  0.5   0.75  0.75  0.25  0.5   0.5   0.5
   0.5   0.75  0.75  0.75  1.    1.  ]
 [ 0.5   0.5   0.5   0.25  0.25  0.25  0.    0.25  0.25  0.5   0.5   0.5
   0.75  0.75  0.75  0.5   0.75  0.75  0.5   0.75  0.5   0.25  0.5   0.5
   0.75  0.75  0.5   0.75  1.    0.75]
 [ 0.25  0.5   0.5   0.5   0.25  0.25  0.25  0.    0.5   0.5   0.25  0.5
   0.75  0.5   0.75  0.75  0.5   0.75  0.75  0.75  0.5   0.5   0.5   0.25
   0.75  0.5   0.75  0.75  0.75  1.  ]
 [ 0.5   0.5   0.5   0.25  0.5   0.5   0.25  0.5   0.    0.25  0.25  0.25
   0.5   0.5   0.5   0.25  0.75  0.75  0.5   0.75  0.75  0.5   0.75  0.75
   0.75  0.75  0.5   0.75  1.    0.75]
 [ 0.5   0.5   0.25  0.5   0.5   0.25  0.5   0.5   0.25  0.    0.25  0.25
   0.5   0.5   0.25  0.5   0.75  0.5   0.75  0.75  0.5   0.75  0.75  0.75
   0.5   0.75  0.75  0.75  1.    1.  ]
 [ 0.25  0.5   0.5   0.5   0.5   0.5   0.5   0.25  0.25  0.25  0.    0.25
   0.5   0.25  0.5   0.5   0.5   0.75  0.75  0.75  0.75  0.75  0.75  0.5
   0.75  0.5   0.75  0.75  0.75  1.  ]
 [ 0.5   0.25  0.5   0.5   0.25  0.5   0.5   0.5   0.25  0.25  0.25  0.
   0.25  0.5   0.5   0.5   0.75  0.75  0.75  0.5   0.75  0.75  0.5   0.75
   0.75  0.75  0.75  0.5   1.    1.  ]
 [ 0.75  0.5   0.75  0.75  0.5   0.75  0.75  0.75  0.5   0.5   0.5   0.25
   0.    0.25  0.25  0.25  0.5   0.5   0.5   0.25  0.5   0.5   0.25  0.5
   1.    1.    1.    0.75  1.    1.  ]
 [ 0.5   0.75  0.75  0.75  0.75  0.75  0.75  0.5   0.5   0.5   0.25  0.5
   0.25  0.    0.25  0.25  0.25  0.5   0.5   0.5   0.5   0.5   0.5   0.25
   1.    0.75  1.    1.    0.75  1.  ]
 [ 0.75  0.75  0.5   0.75  0.75  0.5   0.75  0.75  0.5   0.25  0.5   0.5
   0.25  0.25  0.    0.25  0.5   0.25  0.5   0.5   0.25  0.5   0.5   0.5
   0.75  1.    1.    1.    1.    1.  ]
 [ 0.75  0.75  0.75  0.5   0.75  0.75  0.5   0.75  0.25  0.5   0.5   0.5
   0.25  0.25  0.25  0.    0.5   0.5   0.25  0.5   0.5   0.25  0.5   0.5
   1.    1.    0.75  1.    1.    0.75]
 [ 0.25  0.5   0.5   0.5   0.75  0.75  0.75  0.5   0.75  0.75  0.5   0.75
   0.5   0.25  0.5   0.5   0.    0.25  0.25  0.25  0.5   0.5   0.5   0.25
   0.75  0.5   0.75  0.75  0.5   0.75]
 [ 0.5   0.5   0.25  0.5   0.75  0.5   0.75  0.75  0.75  0.5   0.75  0.75
   0.5   0.5   0.25  0.5   0.25  0.    0.25  0.25  0.25  0.5   0.5   0.5
   0.5   0.75  0.75  0.75  0.75  0.75]
 [ 0.5   0.5   0.5   0.25  0.75  0.75  0.5   0.75  0.5   0.75  0.75  0.75
   0.5   0.5   0.5   0.25  0.25  0.25  0.    0.25  0.5   0.25  0.5   0.5
   0.75  0.75  0.5   0.75  0.75  0.5 ]
 [ 0.5   0.25  0.5   0.5   0.5   0.75  0.75  0.75  0.75  0.75  0.75  0.5
   0.25  0.5   0.5   0.5   0.25  0.25  0.25  0.    0.5   0.5   0.25  0.5
   0.75  0.75  0.75  0.5   0.75  0.75]
 [ 0.75  0.75  0.5   0.75  0.5   0.25  0.5   0.5   0.75  0.5   0.75  0.75
   0.5   0.5   0.25  0.5   0.5   0.25  0.5   0.5   0.    0.25  0.25  0.25
   0.75  1.    1.    1.    1.    1.  ]
 [ 0.75  0.75  0.75  0.5   0.5   0.5   0.25  0.5   0.5   0.75  0.75  0.75
   0.5   0.5   0.5   0.25  0.5   0.5   0.25  0.5   0.25  0.    0.25  0.25
   1.    1.    0.75  1.    1.    0.75]
 [ 0.75  0.5   0.75  0.75  0.25  0.5   0.5   0.5   0.75  0.75  0.75  0.5
   0.25  0.5   0.5   0.5   0.5   0.5   0.5   0.25  0.25  0.25  0.    0.25
   1.    1.    1.    0.75  1.    1.  ]
 [ 0.5   0.75  0.75  0.75  0.5   0.5   0.5   0.25  0.75  0.75  0.5   0.75
   0.5   0.25  0.5   0.5   0.25  0.5   0.5   0.5   0.25  0.25  0.25  0.    1.
   0.75  1.    1.    0.75  1.  ]
 [ 0.5   0.5   0.25  0.5   0.75  0.5   0.75  0.75  0.75  0.5   0.75  0.75
   1.    1.    0.75  1.    0.75  0.5   0.75  0.75  0.75  1.    1.    1.    0.
   0.25  0.25  0.25  0.5   0.5 ]
 [ 0.25  0.5   0.5   0.5   0.75  0.75  0.75  0.5   0.75  0.75  0.5   0.75
   1.    0.75  1.    1.    0.5   0.75  0.75  0.75  1.    1.    1.    0.75
   0.25  0.    0.25  0.25  0.25  0.5 ]
 [ 0.5   0.5   0.5   0.25  0.75  0.75  0.5   0.75  0.5   0.75  0.75  0.75
   1.    1.    1.    0.75  0.75  0.75  0.5   0.75  1.    0.75  1.    1.
   0.25  0.25  0.    0.25  0.5   0.25]
 [ 0.5   0.25  0.5   0.5   0.5   0.75  0.75  0.75  0.75  0.75  0.75  0.5
   0.75  1.    1.    1.    0.75  0.75  0.75  0.5   1.    1.    0.75  1.
   0.25  0.25  0.25  0.    0.5   0.5 ]
 [ 0.5   0.75  0.75  0.75  1.    1.    1.    0.75  1.    1.    0.75  1.    1.
   0.75  1.    1.    0.5   0.75  0.75  0.75  1.    1.    1.    0.75  0.5
   0.25  0.5   0.5   0.    0.25]
 [ 0.75  0.75  0.75  0.5   1.    1.    0.75  1.    0.75  1.    1.    1.    1.
   1.    1.    0.75  0.75  0.75  0.5   0.75  1.    0.75  1.    1.    0.5
   0.5   0.25  0.5   0.25  0.  ]]
Cluster Labels: [0 0 0 0 0 0 0 0 0 0 0 0 0 0 0 0 0 0 0 0 0 0 0 0 0 0 0 0 0 0]
