Number of Models: 20
q_2
     pw x1 x2
0     1  4  1
1     1  6  2
2     1  8  3
3     1  2  4
4     1  7  5
5     1  1  6
6     1  3  7
7     1  5  8
8     2  3  1
9     2  5  2
10    2  2  3
11    2  8  4
12    2  1  5
13    2  7  6
14    2  4  7
15    2  6  8
16    3  5  1
17    3  3  2
18    3  1  3
19    3  7  4
20    3  2  5
21    3  8  6
22    3  6  7
23    3  4  8
24    4  6  1
25    4  4  2
26    4  7  3
27    4  1  4
28    4  8  5
29    4  2  6
..   .. .. ..
130  17  6  3
131  17  1  4
132  17  7  5
133  17  4  6
134  17  8  7
135  17  3  8
136  18  4  1
137  18  2  2
138  18  8  3
139  18  6  4
140  18  1  5
141  18  3  6
142  18  5  7
143  18  7  8
144  19  1  1
145  19  7  2
146  19  5  3
147  19  8  4
148  19  2  5
149  19  4  6
150  19  6  7
151  19  3  8
152  20  4  1
153  20  1  2
154  20  5  3
155  20  8  4
156  20  2  5
157  20  7  6
158  20  3  7
159  20  6  8

[160 rows x 3 columns]
Successfully exported to sql
Sqlite Schema:
CREATE TABLE "q_2" (
"index" INTEGER,
  "pw" INTEGER,
  "x1" TEXT,
  "x2" TEXT
)
[[ 0.      1.      1.      1.      1.      0.4375  1.      1.      0.8125
   0.8125  1.      1.      0.4375  0.25    0.625   0.8125  0.8125  0.625
   1.      0.625 ]
 [ 1.      0.      1.      1.      0.8125  0.625   0.8125  1.      0.625
   1.      1.      1.      0.8125  1.      0.4375  0.8125  1.      0.8125
   0.8125  0.4375]
 [ 1.      1.      0.      1.      0.4375  1.      0.625   0.25    0.8125
   0.625   0.4375  0.8125  1.      1.      0.8125  1.      0.8125  1.
   0.625   0.8125]
 [ 1.      1.      1.      0.      0.625   0.8125  0.8125  1.      1.
   0.4375  0.8125  0.8125  1.      1.      1.      1.      0.625   0.8125
   0.8125  1.    ]
 [ 1.      0.8125  0.4375  0.625   0.      1.      0.25    0.4375  1.
   0.625   0.25    0.625   1.      1.      1.      1.      0.8125  0.625
   1.      1.    ]
 [ 0.4375  0.625   1.      0.8125  1.      0.      0.625   1.      0.8125
   1.      1.      1.      0.25    0.4375  0.625   0.625   1.      0.25    1.
   0.625 ]
 [ 1.      0.8125  0.625   0.8125  0.25    0.625   0.      0.8125  0.8125
   0.8125  0.625   0.625   0.8125  0.8125  1.      0.8125  0.8125  1.
   0.8125  1.    ]
 [ 1.      1.      0.25    1.      0.4375  1.      0.8125  0.      0.625
   0.4375  0.0625  0.4375  0.8125  1.      1.      1.      1.      0.8125
   0.8125  0.8125]
 [ 0.8125  0.625   0.8125  1.      1.      0.8125  0.8125  0.625   0.
   0.625   0.8125  0.25    1.      1.      1.      1.      1.      0.8125
   0.4375  0.25  ]
 [ 0.8125  1.      0.625   0.4375  0.625   1.      0.8125  0.4375  0.625
   0.      0.25    0.25    1.      1.      1.      1.      1.      1.      1.
   1.    ]
 [ 1.      1.      0.4375  0.8125  0.25    1.      0.625   0.0625  0.8125
   0.25    0.      0.25    1.      0.8125  1.      0.8125  1.      0.8125
   1.      1.    ]
 [ 1.      1.      0.8125  0.8125  0.625   1.      0.625   0.4375  0.25
   0.25    0.25    0.      0.8125  1.      1.      1.      1.      0.8125
   0.8125  1.    ]
 [ 0.4375  0.8125  1.      1.      1.      0.25    0.8125  0.8125  1.      1.
   1.      0.8125  0.      0.0625  0.25    0.25    0.8125  0.625   0.8125
   1.    ]
 [ 0.25    1.      1.      1.      1.      0.4375  0.8125  1.      1.      1.
   0.8125  1.      0.0625  0.      0.4375  0.4375  0.625   0.8125  0.625
   1.    ]
 [ 0.625   0.4375  0.8125  1.      1.      0.625   1.      1.      1.      1.
   1.      1.      0.25    0.4375  0.      0.25    0.625   0.8125  0.8125
   1.    ]
 [ 0.8125  0.8125  1.      1.      1.      0.625   0.8125  1.      1.      1.
   0.8125  1.      0.25    0.4375  0.25    0.      0.25    0.625   0.8125
   1.    ]
 [ 0.8125  1.      0.8125  0.625   0.8125  1.      0.8125  1.      1.      1.
   1.      1.      0.8125  0.625   0.625   0.25    0.      0.8125  0.625
   1.    ]
 [ 0.625   0.8125  1.      0.8125  0.625   0.25    1.      0.8125  0.8125
   1.      0.8125  0.8125  0.625   0.8125  0.8125  0.625   0.8125  0.      1.
   0.8125]
 [ 1.      0.8125  0.625   0.8125  1.      1.      0.8125  0.8125  0.4375
   1.      1.      0.8125  0.8125  0.625   0.8125  0.8125  0.625   1.      0.
   0.4375]
 [ 0.625   0.4375  0.8125  1.      1.      0.625   1.      0.8125  0.25    1.
   1.      1.      1.      1.      1.      1.      1.      0.8125  0.4375
   0.    ]]
[0 1 2 3 2 0 2 2 2 2 2 2 0 0 0 0 0 0 4 2]
