Number of Models: 30
rel_3
     pw              x1              x2    x3
0     1  cCEN_Northeast        cNDC_USA   "<"
1     1    cCEN_Midwest        cNDC_USA   "<"
2     1    cCEN_Midwest    cNDC_Midwest   "="
3     1        cCEN_USA       cNDC_West   ">"
4     1        cCEN_USA  cNDC_Southeast   ">"
5     1        cCEN_USA    cNDC_Midwest   ">"
6     1      cCEN_South  cNDC_Southeast   ">"
7     1       cCEN_West  cNDC_Northeast   "!"
8     1       cCEN_West  cNDC_Southeast   "!"
9     1       cCEN_West    cNDC_Midwest   "!"
10    1  cCEN_Northeast       cNDC_West   "!"
11    1  cCEN_Northeast  cNDC_Southeast   "!"
12    1  cCEN_Northeast    cNDC_Midwest   "!"
13    1  cCEN_Northeast  cNDC_Southwest   "!"
14    1    cCEN_Midwest  cNDC_Northeast   "!"
15    1    cCEN_Midwest       cNDC_West   "!"
16    1    cCEN_Midwest  cNDC_Southeast   "!"
17    1    cCEN_Midwest  cNDC_Southwest   "!"
18    1      cCEN_South       cNDC_West   "!"
19    1      cCEN_South    cNDC_Midwest   "!"
20    1       cCEN_West        cNDC_USA   "<"
21    1  cCEN_Northeast  cNDC_Northeast   "<"
22    1      cCEN_South        cNDC_USA   "<"
23    1        cCEN_USA        cNDC_USA   "="
24    1        cCEN_USA  cNDC_Northeast   ">"
25    1        cCEN_USA  cNDC_Southwest   ">"
26    1       cCEN_West       cNDC_West   ">"
27    1       cCEN_West  cNDC_Southwest  "><"
28    1      cCEN_South  cNDC_Northeast  "><"
29    1      cCEN_South  cNDC_Southwest  "><"
..   ..             ...             ...   ...
870  30  cCEN_Northeast        cNDC_USA   "<"
871  30    cCEN_Midwest        cNDC_USA   "<"
872  30    cCEN_Midwest    cNDC_Midwest   "="
873  30        cCEN_USA       cNDC_West   ">"
874  30        cCEN_USA  cNDC_Southeast   ">"
875  30        cCEN_USA    cNDC_Midwest   ">"
876  30      cCEN_South  cNDC_Southeast   ">"
877  30       cCEN_West  cNDC_Northeast   "!"
878  30       cCEN_West  cNDC_Southeast   "!"
879  30       cCEN_West    cNDC_Midwest   "!"
880  30  cCEN_Northeast       cNDC_West   "!"
881  30  cCEN_Northeast  cNDC_Southeast   "!"
882  30  cCEN_Northeast    cNDC_Midwest   "!"
883  30  cCEN_Northeast  cNDC_Southwest   "!"
884  30    cCEN_Midwest  cNDC_Northeast   "!"
885  30    cCEN_Midwest       cNDC_West   "!"
886  30    cCEN_Midwest  cNDC_Southeast   "!"
887  30    cCEN_Midwest  cNDC_Southwest   "!"
888  30      cCEN_South       cNDC_West   "!"
889  30      cCEN_South    cNDC_Midwest   "!"
890  30  cCEN_Northeast  cNDC_Northeast   "<"
891  30       cCEN_West       cNDC_West   ">"
892  30        cCEN_USA  cNDC_Northeast  "><"
893  30        cCEN_USA        cNDC_USA  "><"
894  30        cCEN_USA  cNDC_Southwest  "><"
895  30       cCEN_West        cNDC_USA  "><"
896  30       cCEN_West  cNDC_Southwest  "><"
897  30      cCEN_South  cNDC_Northeast  "><"
898  30      cCEN_South        cNDC_USA  "><"
899  30      cCEN_South  cNDC_Southwest  "><"

[900 rows x 4 columns]

Successfully exported to csv
Successfully exported to sql
Sqlite Schema:
CREATE TABLE "rel_3" (
"index" INTEGER,
  "pw" INTEGER,
  "x1" TEXT,
  "x2" TEXT,
  "x3" TEXT
)
[[ 0.   0.2  0.   0.2  0.2  0.4  0.2  0.2  0.4  0.4  0.6  0.4  0.6  0.6
   0.8  0.4  0.6  0.4  0.6  0.6  0.8  0.6  0.6  0.8  0.6  0.8  0.6  0.8
   0.8  1. ]
 [ 0.2  0.   0.2  0.   0.   0.2  0.   0.   0.2  0.2  0.4  0.2  0.4  0.4
   0.6  0.2  0.4  0.2  0.4  0.4  0.6  0.4  0.4  0.6  0.4  0.6  0.4  0.6
   0.6  0.8]
 [ 0.   0.2  0.   0.2  0.2  0.4  0.2  0.2  0.4  0.4  0.6  0.4  0.6  0.6
   0.8  0.4  0.6  0.4  0.6  0.6  0.8  0.6  0.6  0.8  0.6  0.8  0.6  0.8
   0.8  1. ]
 [ 0.2  0.   0.2  0.   0.   0.2  0.   0.   0.2  0.2  0.4  0.2  0.4  0.4
   0.6  0.2  0.4  0.2  0.4  0.4  0.6  0.4  0.4  0.6  0.4  0.6  0.4  0.6
   0.6  0.8]
 [ 0.2  0.   0.2  0.   0.   0.2  0.   0.   0.2  0.2  0.4  0.2  0.4  0.4
   0.6  0.2  0.4  0.2  0.4  0.4  0.6  0.4  0.4  0.6  0.4  0.6  0.4  0.6
   0.6  0.8]
 [ 0.4  0.2  0.4  0.2  0.2  0.   0.2  0.2  0.   0.   0.2  0.   0.2  0.2
   0.4  0.   0.2  0.   0.2  0.2  0.4  0.2  0.2  0.4  0.2  0.4  0.2  0.4
   0.4  0.6]
 [ 0.2  0.   0.2  0.   0.   0.2  0.   0.   0.2  0.2  0.4  0.2  0.4  0.4
   0.6  0.2  0.4  0.2  0.4  0.4  0.6  0.4  0.4  0.6  0.4  0.6  0.4  0.6
   0.6  0.8]
 [ 0.2  0.   0.2  0.   0.   0.2  0.   0.   0.2  0.2  0.4  0.2  0.4  0.4
   0.6  0.2  0.4  0.2  0.4  0.4  0.6  0.4  0.4  0.6  0.4  0.6  0.4  0.6
   0.6  0.8]
 [ 0.4  0.2  0.4  0.2  0.2  0.   0.2  0.2  0.   0.   0.2  0.   0.2  0.2
   0.4  0.   0.2  0.   0.2  0.2  0.4  0.2  0.2  0.4  0.2  0.4  0.2  0.4
   0.4  0.6]
 [ 0.4  0.2  0.4  0.2  0.2  0.   0.2  0.2  0.   0.   0.2  0.   0.2  0.2
   0.4  0.   0.2  0.   0.2  0.2  0.4  0.2  0.2  0.4  0.2  0.4  0.2  0.4
   0.4  0.6]
 [ 0.6  0.4  0.6  0.4  0.4  0.2  0.4  0.4  0.2  0.2  0.   0.2  0.   0.   0.2
   0.2  0.   0.2  0.   0.   0.2  0.   0.   0.2  0.   0.2  0.   0.2  0.2
   0.4]
 [ 0.4  0.2  0.4  0.2  0.2  0.   0.2  0.2  0.   0.   0.2  0.   0.2  0.2
   0.4  0.   0.2  0.   0.2  0.2  0.4  0.2  0.2  0.4  0.2  0.4  0.2  0.4
   0.4  0.6]
 [ 0.6  0.4  0.6  0.4  0.4  0.2  0.4  0.4  0.2  0.2  0.   0.2  0.   0.   0.2
   0.2  0.   0.2  0.   0.   0.2  0.   0.   0.2  0.   0.2  0.   0.2  0.2
   0.4]
 [ 0.6  0.4  0.6  0.4  0.4  0.2  0.4  0.4  0.2  0.2  0.   0.2  0.   0.   0.2
   0.2  0.   0.2  0.   0.   0.2  0.   0.   0.2  0.   0.2  0.   0.2  0.2
   0.4]
 [ 0.8  0.6  0.8  0.6  0.6  0.4  0.6  0.6  0.4  0.4  0.2  0.4  0.2  0.2  0.
   0.4  0.2  0.4  0.2  0.2  0.   0.2  0.2  0.   0.2  0.   0.2  0.   0.   0.2]
 [ 0.4  0.2  0.4  0.2  0.2  0.   0.2  0.2  0.   0.   0.2  0.   0.2  0.2
   0.4  0.   0.2  0.   0.2  0.2  0.4  0.2  0.2  0.4  0.2  0.4  0.2  0.4
   0.4  0.6]
 [ 0.6  0.4  0.6  0.4  0.4  0.2  0.4  0.4  0.2  0.2  0.   0.2  0.   0.   0.2
   0.2  0.   0.2  0.   0.   0.2  0.   0.   0.2  0.   0.2  0.   0.2  0.2
   0.4]
 [ 0.4  0.2  0.4  0.2  0.2  0.   0.2  0.2  0.   0.   0.2  0.   0.2  0.2
   0.4  0.   0.2  0.   0.2  0.2  0.4  0.2  0.2  0.4  0.2  0.4  0.2  0.4
   0.4  0.6]
 [ 0.6  0.4  0.6  0.4  0.4  0.2  0.4  0.4  0.2  0.2  0.   0.2  0.   0.   0.2
   0.2  0.   0.2  0.   0.   0.2  0.   0.   0.2  0.   0.2  0.   0.2  0.2
   0.4]
 [ 0.6  0.4  0.6  0.4  0.4  0.2  0.4  0.4  0.2  0.2  0.   0.2  0.   0.   0.2
   0.2  0.   0.2  0.   0.   0.2  0.   0.   0.2  0.   0.2  0.   0.2  0.2
   0.4]
 [ 0.8  0.6  0.8  0.6  0.6  0.4  0.6  0.6  0.4  0.4  0.2  0.4  0.2  0.2  0.
   0.4  0.2  0.4  0.2  0.2  0.   0.2  0.2  0.   0.2  0.   0.2  0.   0.   0.2]
 [ 0.6  0.4  0.6  0.4  0.4  0.2  0.4  0.4  0.2  0.2  0.   0.2  0.   0.   0.2
   0.2  0.   0.2  0.   0.   0.2  0.   0.   0.2  0.   0.2  0.   0.2  0.2
   0.4]
 [ 0.6  0.4  0.6  0.4  0.4  0.2  0.4  0.4  0.2  0.2  0.   0.2  0.   0.   0.2
   0.2  0.   0.2  0.   0.   0.2  0.   0.   0.2  0.   0.2  0.   0.2  0.2
   0.4]
 [ 0.8  0.6  0.8  0.6  0.6  0.4  0.6  0.6  0.4  0.4  0.2  0.4  0.2  0.2  0.
   0.4  0.2  0.4  0.2  0.2  0.   0.2  0.2  0.   0.2  0.   0.2  0.   0.   0.2]
 [ 0.6  0.4  0.6  0.4  0.4  0.2  0.4  0.4  0.2  0.2  0.   0.2  0.   0.   0.2
   0.2  0.   0.2  0.   0.   0.2  0.   0.   0.2  0.   0.2  0.   0.2  0.2
   0.4]
 [ 0.8  0.6  0.8  0.6  0.6  0.4  0.6  0.6  0.4  0.4  0.2  0.4  0.2  0.2  0.
   0.4  0.2  0.4  0.2  0.2  0.   0.2  0.2  0.   0.2  0.   0.2  0.   0.   0.2]
 [ 0.6  0.4  0.6  0.4  0.4  0.2  0.4  0.4  0.2  0.2  0.   0.2  0.   0.   0.2
   0.2  0.   0.2  0.   0.   0.2  0.   0.   0.2  0.   0.2  0.   0.2  0.2
   0.4]
 [ 0.8  0.6  0.8  0.6  0.6  0.4  0.6  0.6  0.4  0.4  0.2  0.4  0.2  0.2  0.
   0.4  0.2  0.4  0.2  0.2  0.   0.2  0.2  0.   0.2  0.   0.2  0.   0.   0.2]
 [ 0.8  0.6  0.8  0.6  0.6  0.4  0.6  0.6  0.4  0.4  0.2  0.4  0.2  0.2  0.
   0.4  0.2  0.4  0.2  0.2  0.   0.2  0.2  0.   0.2  0.   0.2  0.   0.   0.2]
 [ 1.   0.8  1.   0.8  0.8  0.6  0.8  0.8  0.6  0.6  0.4  0.6  0.4  0.4
   0.2  0.6  0.4  0.6  0.4  0.4  0.2  0.4  0.4  0.2  0.4  0.2  0.4  0.2
   0.2  0. ]]
Cluster Labels: [0 0 0 0 0 0 0 0 0 0 0 0 0 0 0 0 0 0 0 0 0 0 0 0 0 0 0 0 0 0]
Cluster Labels: [0 0 0 0 0 0 0 0 0 0 0 0 0 0 0 0 0 0 0 0 0 0 0 0 0 0 0 0 0 0]
Complexity Analysis:
PWs:         [1, 2, 3, 4, 5, 6, 7, 8, 9, 10, 11, 12, 13, 14, 15, 16, 17, 18, 19, 20, 21, 22, 23, 24, 25, 26, 27, 28, 29, 30]
Complexities:[1.0, 0.0, 0.0, 0.0, 0.0, 0.0, 0.0, 0.0, 0.0, 0.0, 0.0, 0.0, 0.0, 0.0, 0.0, 0.0, 0.0, 0.0, 0.0, 0.0, 0.0, 0.0, 0.0, 0.0, 0.0, 0.0, 0.0, 0.0, 0.0, 0.0]
Euler Complexity Analysis:
PWs:         [30, 15, 21, 24, 26, 28, 29, 11, 13, 14, 17, 19, 20, 22, 23, 25, 27, 6, 9, 10, 12, 16, 18, 2, 4, 5, 7, 8, 1, 3]
Complexities:[1.0, 0.80000000000000004, 0.80000000000000004, 0.80000000000000004, 0.80000000000000004, 0.80000000000000004, 0.80000000000000004, 0.59999999999999998, 0.59999999999999998, 0.59999999999999998, 0.59999999999999998, 0.59999999999999998, 0.59999999999999998, 0.59999999999999998, 0.59999999999999998, 0.59999999999999998, 0.59999999999999998, 0.40000000000000002, 0.40000000000000002, 0.40000000000000002, 0.40000000000000002, 0.40000000000000002, 0.40000000000000002, 0.20000000000000001, 0.20000000000000001, 0.20000000000000001, 0.20000000000000001, 0.20000000000000001, 0.0, 0.0]
